$ANSIBLE_VAULT;1.1;AES256
35313265336537343135353961623532306531336231313933306662633833313861366238323761
6432646237376338396631353364386532646162326266360a373933643566633762373438376363
31646234666436343561356664663937303431613936393335356164643261666161633264626537
6332303433366430300a356331613366313164323131633165613338336163626436643566633761
62386135316139663834396639333731613535323536663535633132303161356466373237303138
31376264326561366334373431343761336132663735633963396230313930313131396662373265
62306164643138373936636662373335346266336661336638336562393136393266313934346465
62653564353833303831333830656132633663646238386431663439366130383138333530333261
34326666393362653363613331343339623635656430353066626337343830306166633333356337
33383731363930356534356363626235633563306563313236323830623239333963646136336239
62303034633431366436616333636432336539666637353863626136666131626535313765306439
65666365366138343061653561313731363031663934363135666465326361333734633232376161
34646266656332636138306535393333393336613461623732343234616637366639333466316233
65326533336130356236383335663530613662363032633264663934383632653738373237656632
64376332313533663833333338623566626332376466393866303231376437633730323439663861
65626464666436646136373863623234646135343237393738613331306431636539376362306331
36333333356438643564373364393566353235353263626265313063343865366562356561663035
66343638663036333931353235393062316462326538643861306364353638393066303838376139
33646131393136643338666336383236353062313063393130376638313963613066333331353964
65653230303934333638653934343330376535373961363733613963353837646132623766633638
30383031633038336234636230313731643164323031336239343665373432333636366463383230
33636564393666643333376638333061373932343933303263383432636633313237313337616631
65663266373131653537666430393162336265646634326339656430623964633839353332666438
30663638663664393066633966343935666661383930376163393661363739666432633266313438
32323633366630396231366361646436633532666330663930326536393666313535
